-1.01682604e-13  2.08063712e-04 -7.08085073e-11 -4.89164269e-10
 -9.73298564e-10 -2.49587150e-09 -1.20769116e-08  8.70792978e-05
  2.31798006e-04  2.35594501e-04  8.09363153e-07  2.68306483e-10
  2.47139906e-04  8.30638494e-09 -2.70769709e-09 -3.20011200e-09
  2.64376397e-04  4.79522865e-07  5.76591158e-07  9.84010924e-07
  2.83535309e-04  6.28801007e-08  8.53688752e-08 -1.71654759e-07
  3.05173001e-04  3.12438149e-04  8.30501391e-10  1.69816492e-06
  1.57974936e-10  2.53177355e-11 -3.12542155e-08  3.05523653e-05
  4.27075651e-12  2.23582456e-08 -2.06704373e-08  4.06114477e-04
  4.15683741e-04  4.77680054e-08  6.68790560e-08  1.46733334e-07
  3.66279202e-04  4.97102591e-04  5.13690062e-04  5.41113781e-04
  4.24524165e-12  8.11150906e-07  5.09862277e-08  5.67618976e-04
  2.70112197e-06  1.00595563e-07  6.08737440e-10  2.34606316e-11
  7.12299121e-08  2.30609188e-03  9.25453704e-04 -1.00000000e+00
  3.15421683e-10  1.29666291e-07  5.34043747e-07  3.66956479e-05
  1.04217495e-04 -5.02529525e-13  1.98580628e-03  2.22189125e-03
  7.59038981e-04  6.78021852e-02  4.77382750e-01  8.91717816e-02
  6.97302182e-01  7.01996644e-01  7.08715647e-01  7.13167277e-01
  7.18559483e-01  7.23799781e-01  7.29925775e-01  7.34903872e-01
  7.39760425e-01  7.44498668e-01  7.49104237e-01  7.53614333e-01
  7.57145930e-01  7.62322215e-01  7.66508497e-01  7.70599363e-01
  7.74611146e-01  7.78497491e-01  7.82306314e-01  7.86026179e-01
  7.89657420e-01  7.93202443e-01  7.96665602e-01  8.00051046e-01
  8.03355939e-01  8.06583722e-01  8.09152306e-01  8.12253701e-01
  8.15282822e-01  8.18792533e-01  8.21659582e-01  8.24475513e-01
  8.27227314e-01  8.29476808e-01  8.32127896e-01  8.34718214e-01
  8.37248495e-01  8.39732380e-01  8.42517024e-01  8.44877137e-01
  8.47185668e-01  8.49444638e-01  8.51656603e-01  8.53566174e-01
  8.55941967e-01  8.58018040e-01  8.60051070e-01  8.61867885e-01
  8.63838254e-01  8.65769928e-01  8.67660666e-01  8.69609960e-01
  8.71407756e-01  8.73113960e-01  8.74860556e-01  8.76589223e-01
  8.78252158e-01  8.79898821e-01  8.81513812e-01  8.83097900e-01
  8.84651834e-01  8.86176316e-01  8.87550287e-01  8.89139861e-01
  8.90428245e-01  8.91993872e-01  8.93192544e-01  8.94535480e-01
  8.96081235e-01  8.97162541e-01  8.98423142e-01  8.99670346e-01
  9.00897332e-01  9.02103111e-01  9.03612055e-01  9.04788460e-01
  9.05596956e-01  9.07084952e-01  9.07825783e-01  1.11022302e-16
  9.09971103e-01  5.88900909e-16  8.39606162e-16  9.13067766e-01
  1.05384047e-03 -1.00000000e+00  9.15970631e-01  9.16929072e-01
  9.17860428e-01 -1.00000000e+00  1.03336143e-15  9.20538763e-01
 -1.00000000e+00  9.22283864e-01 -1.00000000e+00  1.10408375e-03
  1.66533454e-16  9.98681320e-16  3.55271368e-15  0.00000000e+00
  9.27880490e-01  9.28636887e-01  9.29395036e-01  1.04360964e-14
 -1.95114993e-27  9.31541492e-01  9.32238265e-01  4.99600361e-16
 -1.52433589e-27 -4.88498131e-16 -1.00000000e+00 -1.00000000e+00
 -2.98769834e-27  6.41228812e-15 -1.00000000e+00  9.38052966e-01
  9.38652792e-01 -1.66533454e-17  8.76605756e-15  9.40401207e-01
  2.22044605e-16 -1.21946871e-28 -1.00000000e+00 -1.21946871e-28
 -1.00000000e+00  1.06087978e-15  1.55616261e-14 -1.00000000e+00
  2.96059473e-16 -2.82490081e-15  1.55431223e-14 -1.09752184e-27
  7.77156117e-16  1.48029737e-16  2.22044605e-16  6.16600788e-16
 -1.00000000e+00  3.46944695e-16  5.70971841e-16  2.77555756e-16
 -1.23471207e-25  6.21724894e-15  2.96059473e-16  3.12712819e-15
 -1.00000000e+00  7.40148683e-16  4.44089210e-16 -1.21045787e-16
  8.21565038e-15 -1.00000000e+00  3.99458244e-15  1.02482125e-16
  5.36539008e-16  3.18833279e-16  8.60013934e-04 -1.00000000e+00
 -9.75574967e-28 -3.95107862e-26 -8.78017470e-27  4.29286236e-16
  1.48029737e-16  1.55431223e-15  8.88178420e-16  8.02701072e-16
 -1.00000000e+00 -1.76213228e-26 -2.19504368e-27 -1.00000000e+00
 -6.09734354e-27  1.48029737e-16  1.33226763e-15  3.55271368e-15
 -9.86076132e-32 -1.00000000e+00  3.63345717e-16 -1.44328993e-15
 -1.00000000e+00 -2.98769834e-27 -1.00000000e+00]